1,-3.188396,55.944425,290,-3.1882933939570024,55.944143092213764,rush.crown.link
2,-3.1882933939570024,55.944143092213764,300,-3.1881433939570023,55.94388328459263,cubs.trucks.help
3,-3.1881433939570023,55.94388328459263,220,-3.188373207289938,55.943690448309724,null
4,-3.188373207289938,55.943690448309724,220,-3.1886030206228737,55.94349761202682,system.speak.guard
5,-3.1886030206228737,55.94349761202682,130,-3.1887958569057795,55.943727425359754,null
6,-3.1887958569057795,55.943727425359754,140,-3.189025670238715,55.94392026164266,null
7,-3.189025670238715,55.94392026164266,110,-3.189128276281713,55.9442021694289,spoon.invest.every
8,-3.189128276281713,55.9442021694289,190,-3.1894237186076166,55.944150074975596,null
9,-3.1894237186076166,55.944150074975596,190,-3.1897191609335205,55.944097980522294,cliff.asleep.wedge
10,-3.1897191609335205,55.944097980522294,210,-3.189978968554656,55.943947980522296,null
11,-3.189978968554656,55.943947980522296,220,-3.1902087818875917,55.94375514423939,sculpture.shot.melon
12,-3.1902087818875917,55.94375514423939,110,-3.1903113879305893,55.94403705202563,null
13,-3.1903113879305893,55.94403705202563,120,-3.1904613879305894,55.94429685964676,null
14,-3.1904613879305894,55.94429685964676,120,-3.1906113879305895,55.944556667267896,null
15,-3.1906113879305895,55.944556667267896,110,-3.190713993973587,55.944838575054135,null
16,-3.190713993973587,55.944838575054135,120,-3.190863993973587,55.94509838267527,null
17,-3.190863993973587,55.94509838267527,110,-3.190966600016585,55.94538029046151,null
18,-3.190966600016585,55.94538029046151,110,-3.1910692060595824,55.945662198247746,null
19,-3.1910692060595824,55.945662198247746,110,-3.19117181210258,55.945944106033984,simple.rust.audio
20,-3.19117181210258,55.945944106033984,270,-3.19117181210258,55.94564410603398,null
21,-3.19117181210258,55.94564410603398,270,-3.19117181210258,55.94534410603398,null
22,-3.19117181210258,55.94534410603398,280,-3.19111971764928,55.94504866370807,null
23,-3.19111971764928,55.94504866370807,280,-3.19106762319598,55.944753221382165,null
24,-3.19106762319598,55.944753221382165,270,-3.19106762319598,55.94445322138216,paying.crowd.weep
25,-3.19106762319598,55.94445322138216,290,-3.1909650171529824,55.94417131359592,null
26,-3.1909650171529824,55.94417131359592,240,-3.1911150171529825,55.94391150597479,spicy.bunch.shady
27,-3.1911150171529825,55.94391150597479,290,-3.191012411109985,55.94362959818855,null
28,-3.191012411109985,55.94362959818855,240,-3.191162411109985,55.94336979056742,meal.feed.large
29,-3.191162411109985,55.94336979056742,270,-3.191162411109985,55.943069790567414,else.urban.museum
30,-3.191162411109985,55.943069790567414,270,-3.191162411109985,55.94276979056741,along.spill.limp
31,-3.191162411109985,55.94276979056741,60,-3.191012411109985,55.943029598188545,null
32,-3.191012411109985,55.943029598188545,10,-3.190716968784081,55.94308169264185,relate.chill.vest
33,-3.190716968784081,55.94308169264185,340,-3.1904350609978454,55.94297908659885,null
34,-3.1904350609978454,55.94297908659885,330,-3.19017525337671,55.94282908659885,null
35,-3.19017525337671,55.94282908659885,340,-3.189893345590474,55.94272648055585,hooked.shine.third
36,-3.189893345590474,55.94272648055585,30,-3.1896335379693386,55.942876480555846,null
37,-3.1896335379693386,55.942876480555846,10,-3.1893380956434347,55.94292857500915,null
38,-3.1893380956434347,55.94292857500915,10,-3.189042653317531,55.94298066946245,null
39,-3.189042653317531,55.94298066946245,20,-3.188760745531295,55.94308327550545,groups.ideas.script
40,-3.188760745531295,55.94308327550545,350,-3.1884653032053913,55.94303118105215,null
41,-3.1884653032053913,55.94303118105215,350,-3.1881698608794875,55.94297908659885,null
42,-3.1881698608794875,55.94297908659885,350,-3.1878744185535837,55.942926992145544,null
43,-3.1878744185535837,55.942926992145544,350,-3.18757897622768,55.94287489769224,null
44,-3.18757897622768,55.94287489769224,350,-3.187283533901776,55.94282280323894,null
45,-3.187283533901776,55.94282280323894,340,-3.1870016261155403,55.94272019719594,strut.river.surely
46,-3.1870016261155403,55.94272019719594,110,-3.187104232158538,55.94300210498218,null
47,-3.187104232158538,55.94300210498218,110,-3.1872068382015355,55.943284012768416,null
48,-3.1872068382015355,55.943284012768416,110,-3.187309444244533,55.943565920554654,shut.stands.media
49,-3.187309444244533,55.943565920554654,20,-3.1870275364582974,55.943668526597655,null
50,-3.1870275364582974,55.943668526597655,90,-3.1870275364582974,55.94396852659766,renew.ears.tend
51,-3.1870275364582974,55.94396852659766,10,-3.1867320941323936,55.94402062105096,null
52,-3.1867320941323936,55.94402062105096,10,-3.1864366518064897,55.94407271550426,null
53,-3.1864366518064897,55.94407271550426,20,-3.186154744020254,55.94417532154726,organs.shape.fantastic
54,-3.186154744020254,55.94417532154726,300,-3.186004744020254,55.94391551392613,teams.mild.played
55,-3.186004744020254,55.94391551392613,10,-3.18570930169435,55.94396760837943,manliness.poem.cliff
56,-3.18570930169435,55.94396760837943,330,-3.1854494940732145,55.94381760837943,null
57,-3.1854494940732145,55.94381760837943,320,-3.185219680740279,55.94362477209653,null
58,-3.185219680740279,55.94362477209653,330,-3.1849598731191433,55.94347477209653,sentences.sings.modern
59,-3.1849598731191433,55.94347477209653,90,-3.1849598731191433,55.94377477209653,null
60,-3.1849598731191433,55.94377477209653,90,-3.1849598731191433,55.944074772096535,null
61,-3.1849598731191433,55.944074772096535,100,-3.1850119675724433,55.94437021442244,null
62,-3.1850119675724433,55.94437021442244,140,-3.185241780905379,55.94456305070535,acid.chair.butter
63,-3.185241780905379,55.94456305070535,30,-3.1849819732842435,55.944713050705346,slide.leads.stores
64,-3.1849819732842435,55.944713050705346,50,-3.1847891370013377,55.94494286403828,null
65,-3.1847891370013377,55.94494286403828,50,-3.184596300718432,55.94517267737122,settle.title.united
66,-3.184596300718432,55.94517267737122,160,-3.1848782085046676,55.94527528341422,null
67,-3.1848782085046676,55.94527528341422,140,-3.1851080218376033,55.945468119697125,null
68,-3.1851080218376033,55.945468119697125,140,-3.185337835170539,55.94566095598003,null
69,-3.185337835170539,55.94566095598003,160,-3.1856197429567747,55.94576356202303,shed.desire.muddy
70,-3.1856197429567747,55.94576356202303,130,-3.1858125792396805,55.94599337535597,renew.slows.basket
71,-3.1858125792396805,55.94599337535597,230,-3.1860054155225863,55.94576356202303,null
72,-3.1860054155225863,55.94576356202303,180,-3.1863054155225865,55.94576356202303,posts.kicked.universally
73,-3.1863054155225865,55.94576356202303,230,-3.1864982518054923,55.945533748690096,null
74,-3.1864982518054923,55.945533748690096,240,-3.1866482518054924,55.94527394106896,dragon.bottle.crisp
75,-3.1866482518054924,55.94527394106896,290,-3.1865456457624948,55.94499203328272,null
76,-3.1865456457624948,55.94499203328272,260,-3.186597740215795,55.944696590956816,null
77,-3.186597740215795,55.944696590956816,200,-3.1868796480020305,55.944593984913816,null
78,-3.1868796480020305,55.944593984913816,190,-3.1871750903279343,55.94454189046051,only.fairly.rift
79,-3.1871750903279343,55.94454189046051,190,-3.187470532653838,55.94448979600721,null
80,-3.187470532653838,55.94448979600721,200,-3.187752440440074,55.94438718996421,thank.salsa.brain
81,-3.187752440440074,55.94438718996421,120,-3.187902440440074,55.944646997585345,null
82,-3.187902440440074,55.944646997585345,120,-3.188052440440074,55.94490680520648,null
83,-3.188052440440074,55.94490680520648,110,-3.1881550464830717,55.94518871299272,null
84,-3.1881550464830717,55.94518871299272,120,-3.188305046483072,55.94544852061385,skills.less.herb
85,-3.188305046483072,55.94544852061385,160,-3.1885869542693075,55.94555112665685,null
86,-3.1885869542693075,55.94555112665685,150,-3.188846761890443,55.94570112665685,stops.else.chats
87,-3.188846761890443,55.94570112665685,290,-3.1887441558474454,55.94541921887061,null
88,-3.1887441558474454,55.94541921887061,290,-3.188641549804448,55.94513731108437,null
89,-3.188641549804448,55.94513731108437,290,-3.18853894376145,55.944855403298135,null
90,-3.18853894376145,55.944855403298135,290,-3.1884363377184526,55.9445734955119,rush.crown.link
